23666176,5
281798145,17
65768964,18
464762477,22
1229541896,9
196108810,9
56292951,22
226540046,23
296162319,24
18955282,6
74013203,1
17866266,2
17866266,12
453675183,1
396394017,14
359759394,12
204343844,1
489412785,4
128618536,14
762751836,20
16148010,18
16893996,6
38485549,1
16272430,6
209856048,23
1330847282,9
24951859,6
247294318,6
29740606,15
1326871616,14
457610818,1
21411397,21
55345735,24
944647754,4
213373515,14
372502604,24
292557686,21
104013903,17
552181330,24
858999139,10
483114580,20
137840213,17
765649495,20
218293338,23
106840674,6
76356198,6
358783249,24
22083689,6
550027794,6
14515822,1
215768744,25
167900593,25
75052658,6
422483646,12
544799862,13
85587561,14
1080824954,14
857109115,13
145748092,4
145748092,18
565490302,8
384997503,3
250453632,25
623862402,6
73583238,15
269161454,23
276293694,18
611984525,24
271448207,16
293774480,9
32162450,24
153816723,24
246515860,14
403872110,6
467473177,22
691353,6
15450266,23
559684634,20
1206877860,14
18330277,6
222367911,23
44204712,1
395397289,14
757733575,24
383987887,7
383987887,12
49850032,23
376367793,1
605955762,10
30342837,23
472639671,20
106940600,23
505267902,11
18481269,14
25900736,23
262287556,24
110963574,4
752336071,16
13551052,24
25401546,1
148959607,20
925340364,14
42086349,23
1192027344,17
256495314,22
400656597,11
479634136,23
102242009,25
72532708,25
470021851,12
18067164,13
16492765,10
18722526,2
18722526,12
274838752,1
96165091,9
724473572,11
198436070,17
153157352,6
53468284,1
953339114,8
218027755,13
30831342,9
24830703,9
971144432,1
259153448,14
276932478,1
465617655,7
59875064,24
222695674,20
32126715,4
498073340,1
31135806,24
378302933,1
889270016,2
889270016,12
268602113,24
405195523,20
268260213,24
168700461,17
69281041,20
15555860,6
404894487,16
25397529,16
67074845,6
31077765,24
109711139,10
234485533,24
232687912,14
622790441,20
28689287,21
485185324,9
1104736477,15
378033992,20
55928883,23
244001591,15
1318027068,22
110749874,25
40110912,2
20252482,14
18798403,19
23073093,6
78009159,4
744350024,10
22972750,12
22972750,18
282672625,24
1231270225,19
32442394,23
15823187,9
95013494,11
14957910,3
17990820,24
615414756,4
137629532,6
279020517,24
51382112,16
14465378,10
202570083,4
60260708,9
1143886693,24
258550118,1
47548777,3
406531435,2
406531435,12
269378414,2
101522800,11
5760232,9
123338610,6
522620789,12
522620789,18
578624886,6
1155234679,1
370738040,5
20844926,9
319211584,18
26663298,15
512571798,11
36716423,1
26797961,21
30593431,22
59708301,21
272214416,6
615284120,22
296553364,7
223638933,15
107684758,6
307942295,19
1180943256,2
1180943256,12
178938607,23
279183527,24
116785566,13
18756512,19
72552866,11
629084145,24
88799148,20
17701021,25
1324087112,11
20343732,25
76730782,18
47395171,24
39567291,25
27285948,23
106574270,4
562442183,24
398249419,3
971209676,7
631039437,1
560053201,20
69940693,2
1141411800,19
468148913,22
24258522,6
16194524,24
8546042,23
721596894,2
721596894,12
8977892,6
612291557,23
281294311,21
108316648,14
177365756,22
44336107,11
22185452,17
262460910,6
27829231,25
281100273,1
117247828,14
245712890,6
20336383,24
